614,4
614,1
614,3
618,4
617,1
617,3
618,1
618,3
615,1
615,3
14,8
0,273
0,270
10,125
9,5
8,15
677,5
677,4
677,3
677,2
677,1
677,0
676,6
676,5
676,4
676,3
676,2
676,1
676,0
675,5
675,4
675,3
675,2
675,1
675,0
671,5
671,4
671,3
671,2
3,2
3,1
671,1
3,3
671,0
670,5
670,4
670,3
670,2
670,1
670,0
669,5
669,4
669,3
669,2
669,1
669,0
10,158
666,5
10,290
666,4
10,310
666,3
10,278
666,2
666,1
10,266
666,0
10,118
10,66
665,3
665,2
10,72
665,1
10,2
665,0
10,3
663,3
663,2
663,1
11,8
663,0
11,24
645,4
11,14
645,3
11,20
645,2
645,1
9,7
645,0
9,6
9,1
644,5
9,4
644,4
9,2
644,3
644,2
9,3
644,1
8,9
640,3
8,10
640,1
8,8
636,4
8,17
8,6
636,3
8,16
8,4
636,2
8,2
636,1
8,3
635,4
635,3
635,1
631,5
631,4
631,3
631,2
631,1
629,5
629,4
629,1
608,3
